100
100 1
100
10 3
20 3 15
843306 5
957707 207247 224184 219223 12111
1 5
586465 437244 20234 844321 54013
98621 5
690753 532322 457635 551749 617360
9 5
47 41 28 24 41
91006 2
904885 533370
108510 5
71704 128743 227384 227903 798267
1000000 1
1000000
938305 5
697286 493136 320769 147273 139676
11 5
5 5 5 5 10
909739 5
106846 326774 459042 614697 720574
1000000 1
999999
5 5
1 1 1 1 1
837395 1
851644
263072 1
73113
1000000 5
883351 419704 942752 326650 956084
463592 4
898596 405004 574826 259887
872120 5
266732 290307 156666 216701 116398
982213 2
982008 114443
85039 5
303363 55145 753446 712338 251668
11 5
10 5 5 5 5
416586 3
495120 86950 407775
148817 3
216752 479381 928717
990257 3
811873 869178 385024
308041 5
265483 333941 52859 221566 30069
194149 1
152055
3 3
1 1 100
1000000 5
155338 969208 873250 909689 320845
906134 4
252124 54297 280553 842663
32488 1
434335
7 5
3 2 4 1 1
726972 3
131004 589773 384349
498496 3
783245 90800 768612
606893 4
370805 989687 374913 572080
3 5
1 1 1 1 1
5 5
27 309 295 182 270
779901 4
54240 996954 558272 298281
7 5
9 112 3 33 75
373746 5
974108 784065 643227 462927 426310
61229 1
569420
2 5
9 7 8 10 9
3 4
2 2 2 3
2 4
2 2 2 6
275932 5
254933 595059 901107 861396 24293
1000000 5
1000000 1000000 1000000 1000000 1000000
629268 2
594883 361292
1000000 5
953612 911421 329597 855946 974252
514320 5
85020 279498 173496 275679 104360
972701 3
230846 913948 33929
468784 4
858067 74188 290349 804487
963672 2
923032 317970
127174 5
830732 898147 403096 176375 430364
979776 5
417304 529058 565884 582224 917501
127464 5
676746 875290 940040 555150 149052
170946 5
697827 949917 834570 353854 959404
769239 5
943312 812577 757410 362053 74668
10 5
2 1 1 2 2
968998 2
743716 800455
202596 5
807231 262020 727690 281854 112732
219933 4
549454 988934 18199 798463
671003 5
367013 642436 403058 417956 988071
422225 1
115861
625175 4
606464 429235 841926 602197
681666 5
392058 14188 38042 366309 259394
592675 5
282743 330736 102503 319940 183637
852902 5
136621 147368 207033 434299 657378
39898 2
243171 252632
196524 4
931478 965736 694464 78291
415432 3
35634 200229 878416
796804 5
581531 759570 829291 532217 454478
1 5
1 1 1 1 1
3 4
2 2 2 4
21101 5
890189 543927 484027 864297 970236
1000000 5
1 1 1 1 1
1000000 5
323925 280883 917478 366623 633618
847277 5
215703 50944 345636 846498 636457
525095 4
958272 334361 308339 49071
38043 5
564157 448265 52089 535505 346452
103523 1
845822
604142 5
424774 685466 518272 678145 682477
903801 2
347569 915571
992687 3
486989 85623 304198
732658 5
497695 454997 133450 49109 29607
1000000 5
508374 73489 302786 640920 790659
10 5
5 5 5 5 10
146813 3
812750 269209 328390
355842 1
602064
54413 5
756192 864527 261517 288513 838513
968987 3
462985 77400 386943
793029 3
105547 795070 365108
7 5
40 19 12 30 115
6 5
91 9 65 44 104
1 5
1000000 1000000 1000000 1000000 1000000
399152 5
979213 739638 367390 287622 157542
1 5
3 4 3 3 1
2 5
1 1 1 1 1
56021 2
907508 800623
194425 3
462483 279565 489262
245207 5
1450 331762 361132 555091 773361
